xof 0303txt 0032

template AnimTicksPerSecond {
  <9E415A43-7BA6-4a73-8743-B73D47E88476>
  DWORD AnimTicksPerSecond;
}

template XSkinMeshHeader {
  <3cf169ce-ff7c-44ab-93c0-f78f62d172e2>
  WORD nMaxSkinWeightsPerVertex;
  WORD nMaxSkinWeightsPerFace;
  WORD nBones;
}

template SkinWeights {
  <6f0d123b-bad2-4167-a0d0-80224f25fabb>
  STRING transformNodeName;
  DWORD nWeights;
  array DWORD vertexIndices[nWeights];
  array float weights[nWeights];
  Matrix4x4 matrixOffset;
}

Frame Root {
  FrameTransformMatrix {
     1.000000, 0.000000, 0.000000, 0.000000,
     0.000000,-0.000000, 1.000000, 0.000000,
     0.000000, 1.000000, 0.000000, 0.000000,
     0.000000, 0.000000, 0.000000, 1.000000;;
  }
  Frame Armature {
    FrameTransformMatrix {
       1.000000, 0.000000, 0.000000, 0.000000,
       0.000000, 1.000000, 0.000000, 0.000000,
       0.000000, 0.000000, 1.000000, 0.000000,
       0.000000, 0.000000, 1.152554, 1.000000;;
    }
    Frame Armature_Bone {
      FrameTransformMatrix {
         0.999977,-0.001133, 0.006654, 0.000000,
        -0.006654,-0.330920, 0.943635, 0.000000,
         0.001133,-0.943658,-0.330920, 0.000000,
         0.001319, 0.065579,-0.294011, 1.000000;;
      }
      Frame Armature_Bone_001 {
        FrameTransformMatrix {
           0.052419, 0.380823, 0.923161, 0.000000,
           0.844696, 0.476189,-0.244401, 0.000000,
          -0.532672, 0.792602,-0.296719, 0.000000,
           0.000000, 0.198172,-0.000000, 1.000000;;
        }
        Frame Armature_Bone_002 {
          FrameTransformMatrix {
            -0.339665,-0.716886, 0.608853, 0.000000,
            -0.171809,-0.589156,-0.789542, 0.000000,
             0.924721,-0.372786, 0.076948, 0.000000,
             0.000000, 0.310539, 0.000000, 1.000000;;
          }
          Frame Armature_Bone_003 {
            FrameTransformMatrix {
               0.987687, 0.118152, 0.102537, 0.000000,
              -0.136164, 0.971984, 0.191592, 0.000000,
              -0.077027,-0.203194, 0.976104, 0.000000,
               0.000000, 0.855128, 0.000000, 1.000000;;
            }
            Frame Armature_Bone_017 {
              FrameTransformMatrix {
                 0.855463,-0.298797, 0.422969, 0.000000,
                -0.348442, 0.272117, 0.896962, 0.000000,
                -0.383107,-0.914698, 0.128673, 0.000000,
                -0.000000, 0.574060,-0.000000, 1.000000;;
              }
            } // End of Armature_Bone_017
          } // End of Armature_Bone_003
        } // End of Armature_Bone_002
      } // End of Armature_Bone_001
      Frame Armature_Bone_004 {
        FrameTransformMatrix {
           0.304562,-0.351921,-0.885095, 0.000000,
          -0.844198, 0.330602,-0.421939, 0.000000,
           0.441103, 0.875702,-0.196402, 0.000000,
           0.000000, 0.198172,-0.000000, 1.000000;;
        }
        Frame Armature_Bone_005 {
          FrameTransformMatrix {
            -0.681389, 0.617759,-0.392534, 0.000000,
             0.047649,-0.497728,-0.866023, 0.000000,
            -0.730369,-0.608802, 0.309711, 0.000000,
            -0.000000, 0.310933, 0.000000, 1.000000;;
          }
          Frame Armature_Bone_006 {
            FrameTransformMatrix {
               0.921117,-0.074348,-0.382119, 0.000000,
               0.071261, 0.997210,-0.022247, 0.000000,
               0.382707,-0.006739, 0.923845, 0.000000,
               0.000000, 0.808857,-0.000000, 1.000000;;
            }
            Frame Armature_Bone_016 {
              FrameTransformMatrix {
                 0.999542, 0.015968, 0.025721, 0.000000,
                -0.027255, 0.104762, 0.994124, 0.000000,
                 0.013180,-0.994369, 0.105150, 0.000000,
                -0.000000, 0.560259, 0.000000, 1.000000;;
              }
            } // End of Armature_Bone_016
          } // End of Armature_Bone_006
        } // End of Armature_Bone_005
      } // End of Armature_Bone_004
      Frame Armature_Bone_007 {
        FrameTransformMatrix {
           0.999917, 0.012000,-0.004738, 0.000000,
          -0.012894, 0.916551,-0.399709, 0.000000,
          -0.000454, 0.399737, 0.916630, 0.000000,
           0.000000, 0.198172,-0.000000, 1.000000;;
        }
        Frame Armature_Bone_008 {
          FrameTransformMatrix {
             0.098189,-0.089752, 0.991112, 0.000000,
             0.979896, 0.182523,-0.080549, 0.000000,
            -0.173671, 0.979097, 0.105869, 0.000000,
             0.000000, 1.165186,-0.000000, 1.000000;;
          }
          Frame Armature_Bone_009 {
            FrameTransformMatrix {
               0.764167,-0.639891,-0.081169, 0.000000,
               0.048608, 0.182611,-0.981983, 0.000000,
               0.643184, 0.746454, 0.170649, 0.000000,
               0.000000, 0.355778,-0.000000, 1.000000;;
            }
            Frame Armature_Bone_010 {
              FrameTransformMatrix {
                 0.978864,-0.203952,-0.015160, 0.000000,
                 0.204058, 0.978941, 0.005828, 0.000000,
                 0.013652,-0.008799, 0.999868, 0.000000,
                 0.000000, 0.775943,-0.000000, 1.000000;;
              }
            } // End of Armature_Bone_010
          } // End of Armature_Bone_009
        } // End of Armature_Bone_008
        Frame Armature_Bone_011 {
          FrameTransformMatrix {
             0.558195, 0.161196,-0.813901, 0.000000,
            -0.828915, 0.151266,-0.538533, 0.000000,
             0.036306, 0.975261, 0.218054, 0.000000,
             0.000000, 1.165186,-0.000000, 1.000000;;
          }
          Frame Armature_Bone_012 {
            FrameTransformMatrix {
               0.506176, 0.857146,-0.095326, 0.000000,
              -0.409575, 0.141642,-0.901214, 0.000000,
              -0.758969, 0.495216, 0.422761, 0.000000,
              -0.000000, 0.416616,-0.000000, 1.000000;;
            }
            Frame Armature_Bone_013 {
              FrameTransformMatrix {
                 0.992041, 0.124842,-0.016401, 0.000000,
                -0.125850, 0.987260,-0.097359, 0.000000,
                 0.004037, 0.098648, 0.995114, 0.000000,
                -0.000000, 0.761199,-0.000000, 1.000000;;
              }
            } // End of Armature_Bone_013
          } // End of Armature_Bone_012
        } // End of Armature_Bone_011
        Frame Armature_Bone_014 {
          FrameTransformMatrix {
             0.861344, 0.187341,-0.472219, 0.000000,
            -0.088426, 0.970620, 0.223778, 0.000000,
             0.500268,-0.150993, 0.852604, 0.000000,
             0.000000, 1.165186,-0.000000, 1.000000;;
          }
          Frame Armature_Bone_015 {
            FrameTransformMatrix {
               0.832023,-0.086199, 0.548003, 0.000000,
               0.200032, 0.968015,-0.151440, 0.000000,
              -0.517421, 0.235619, 0.822653, 0.000000,
              -0.000000, 0.187405,-0.000000, 1.000000;;
            }
          } // End of Armature_Bone_015
        } // End of Armature_Bone_014
      } // End of Armature_Bone_007
    } // End of Armature_Bone
    Frame Cube_000 {
      FrameTransformMatrix {
         1.000000, 0.000000, 0.000000, 0.000000,
         0.000000,-0.000000, 1.000000, 0.000000,
         0.000000,-1.000000,-0.000000, 0.000000,
         0.000000, 0.000000,-1.152554, 1.000000;;
      }
      Mesh { // Cube_000 mesh
        0;
        0;
        MeshNormals { // Cube_000 normals
          0;
          0;
        } // End of Cube_000 normals
        MeshTextureCoords { // Cube_000 UV coordinates
          0;
        } // End of Cube_000 UV coordinates
        MeshMaterialList { // Cube_000 material list
          1;
          0;
          Material Material_002 {
             0.640000; 0.640000; 0.640000; 1.000000;;
             96.078431;
             0.500000; 0.500000; 0.500000;;
             0.000000; 0.000000; 0.000000;;
          }
        } // End of Cube_000 material list
        XSkinMeshHeader {
          0;
          0;
          18;
        }
        SkinWeights {
          "Armature_Bone_012";
          0;
          -0.431778,-0.360847,-0.826654, 0.000000,
           0.043436,-0.923744, 0.380540, 0.000000,
          -0.900933, 0.128402, 0.414527, 0.000000,
          -0.540337, 1.982872,-1.029326, 1.000000;;
        } // End of Armature_Bone_012 skin weights
        SkinWeights {
          "Armature_Bone_005";
          0;
          -0.902356, 0.059322, 0.426890, 0.000000,
          -0.050203,-0.998207, 0.032596, 0.000000,
           0.428058, 0.007982, 0.903716, 0.000000,
          -0.139592, 1.198430, 0.155217, 1.000000;;
        } // End of Armature_Bone_005 skin weights
        SkinWeights {
          "Armature_Bone_002";
          0;
          -0.948094,-0.079380,-0.307923, 0.000000,
           0.110447,-0.990258,-0.084788, 0.000000,
          -0.298193,-0.114396, 0.947625, 0.000000,
           0.107143, 1.218315, 0.204414, 1.000000;;
        } // End of Armature_Bone_002 skin weights
        SkinWeights {
          "Armature_Bone_007";
          0;
           0.999809,-0.019445,-0.002076, 0.000000,
           0.019545, 0.997076, 0.073872, 0.000000,
           0.000633,-0.073899, 0.997265, 0.000000,
          -0.020435,-1.042488,-0.077236, 1.000000;;
        } // End of Armature_Bone_007 skin weights
        SkinWeights {
          "Armature_Bone_017";
          0;
          -0.923417, 0.149015, 0.353690, 0.000000,
           0.329241,-0.166025, 0.929535, 0.000000,
           0.197236, 0.974797, 0.104249, 0.000000,
           0.253564,-0.007219, 0.129818, 1.000000;;
        } // End of Armature_Bone_017 skin weights
        SkinWeights {
          "Armature_Bone_013";
          0;
          -0.459833,-0.221428,-0.859955, 0.000000,
          -0.078472,-0.954491, 0.287730, 0.000000,
          -0.884531, 0.199791, 0.421531, 0.000000,
          -0.366639, 1.374324,-0.905962, 1.000000;;
        } // End of Armature_Bone_013 skin weights
        SkinWeights {
          "Armature_Bone_011";
          0;
           0.556643,-0.830580, 0.016882, 0.000000,
           0.111510, 0.094840, 0.989227, 0.000000,
          -0.823234,-0.548764, 0.145410, 0.000000,
          -0.304413,-0.275412,-2.170642, 1.000000;;
        } // End of Armature_Bone_011 skin weights
        SkinWeights {
          "Armature_Bone_004";
          0;
           0.305894,-0.846856, 0.435044, 0.000000,
          -0.037163, 0.445978, 0.894272, 0.000000,
          -0.951340,-0.289720, 0.104950, 0.000000,
           0.038856,-0.466290,-0.935001, 1.000000;;
        } // End of Armature_Bone_004 skin weights
        SkinWeights {
          "Armature_Bone_014";
          0;
           0.858516,-0.107747, 0.501338, 0.000000,
           0.168745, 0.982585,-0.077791, 0.000000,
          -0.484226, 0.151383, 0.861747, 0.000000,
          -0.394718,-2.158290, 0.257269, 1.000000;;
        } // End of Armature_Bone_014 skin weights
        SkinWeights {
          "Armature_Bone_016";
          0;
          -0.997234, 0.074043, 0.006514, 0.000000,
           0.000000,-0.087633, 0.996153, 0.000000,
           0.074328, 0.993397, 0.087390, 0.000000,
          -0.217467, 0.073346, 0.190457, 1.000000;;
        } // End of Armature_Bone_016 skin weights
        SkinWeights {
          "Armature_Bone_008";
          0;
           0.097858, 0.976328,-0.192896, 0.000000,
          -0.014355, 0.195191, 0.980660, 0.000000,
           0.995097,-0.093197, 0.033116, 0.000000,
           0.119586,-0.416754,-2.166153, 1.000000;;
        } // End of Armature_Bone_008 skin weights
        SkinWeights {
          "Armature_Bone";
          0;
           0.999977,-0.006654, 0.001133, 0.000000,
           0.006654, 0.943635,-0.330920, 0.000000,
           0.001133, 0.330920, 0.943658, 0.000000,
          -0.006957,-0.788441, 0.345991, 1.000000;;
        } // End of Armature_Bone skin weights
        SkinWeights {
          "Armature_Bone_015";
          0;
           0.998328,-0.008493,-0.057174, 0.000000,
           0.013073, 0.996692, 0.080209, 0.000000,
           0.056304,-0.080823, 0.995137, 0.000000,
           0.014765,-2.388585,-0.136813, 1.000000;;
        } // End of Armature_Bone_015 skin weights
        SkinWeights {
          "Armature_Bone_009";
          0;
          -0.534306, 0.372465, 0.758807, 0.000000,
          -0.215469,-0.928045, 0.303817, 0.000000,
           0.817368,-0.001169, 0.576114, 0.000000,
           0.761544, 1.991865,-0.869396, 1.000000;;
        } // End of Armature_Bone_009 skin weights
        SkinWeights {
          "Armature_Bone_001";
          0;
           0.050929, 0.841232,-0.538270, 0.000000,
           0.054215, 0.535846, 0.842573, 0.000000,
           0.997230,-0.072094,-0.018317, 0.000000,
          -0.056684,-0.560251,-0.880948, 1.000000;;
        } // End of Armature_Bone_001 skin weights
        SkinWeights {
          "Armature_Bone_006";
          0;
          -0.998709,-0.014644, 0.048643, 0.000000,
           0.015517,-0.999725, 0.017627, 0.000000,
           0.048371, 0.018359, 0.998661, 0.000000,
          -0.216856, 0.375086, 0.087348, 1.000000;;
        } // End of Armature_Bone_006 skin weights
        SkinWeights {
          "Armature_Bone_010";
          0;
          -0.610480, 0.260015, 0.748135, 0.000000,
          -0.026244,-0.950700, 0.309001, 0.000000,
           0.791597, 0.169005, 0.587207, 0.000000,
           0.510638, 1.340649,-0.869583, 1.000000;;
        } // End of Armature_Bone_010 skin weights
        SkinWeights {
          "Armature_Bone_003";
          0;
          -0.977373,-0.007056,-0.211406, 0.000000,
          -0.016607,-0.993798, 0.109946, 0.000000,
          -0.210871, 0.110969, 0.971195, 0.000000,
           0.169696, 0.377587, 0.117479, 1.000000;;
        } // End of Armature_Bone_003 skin weights
      } // End of Cube_000 mesh
    } // End of Cube_000
    Frame Cube_001 {
      FrameTransformMatrix {
         1.000000, 0.000000, 0.000000, 0.000000,
         0.000000,-0.000000, 1.000000, 0.000000,
         0.000000,-1.000000,-0.000000, 0.000000,
         0.000000, 0.000000,-1.152554, 1.000000;;
      }
      Mesh { // Cube_001 mesh
        1589;
        -0.000467; 0.972525; 0.338446;,
         0.000000; 0.964752;-0.440261;,
         0.090297; 1.014817;-0.162173;,
         0.085760; 1.013933; 0.054527;,
         0.085760; 1.013933; 0.054527;,
         0.090297; 1.014817;-0.162173;,
         0.138639;-0.116118;-0.121398;,
         0.135996;-0.116632; 0.004821;,
         0.135996;-0.116632; 0.004821;,
         0.138639;-0.116118;-0.121398;,
         0.141451;-0.215719;-0.121791;,
         0.138808;-0.216233; 0.004428;,
         0.135996;-0.116632; 0.004821;,
         0.138808;-0.216233; 0.004428;,
         0.221571;-0.208650; 0.175429;,
         0.000000; 3.320524;-0.800331;,
         0.000000; 3.435577;-0.791295;,
         0.000000; 3.736807;-0.721901;,
         0.000000; 3.621167;-0.691257;,
        -0.000467; 0.972525; 0.338446;,
        -0.085760; 1.013933; 0.054527;,
        -0.090297; 1.014817;-0.162173;,
         0.000000; 0.964752;-0.440261;,
        -0.085760; 1.013933; 0.054527;,
        -0.135996;-0.116632; 0.004821;,
        -0.138639;-0.116118;-0.121398;,
        -0.090297; 1.014817;-0.162173;,
        -0.135996;-0.116632; 0.004821;,
        -0.138808;-0.216233; 0.004428;,
        -0.141451;-0.215719;-0.121791;,
        -0.138639;-0.116118;-0.121398;,
        -0.135996;-0.116632; 0.004821;,
        -0.221571;-0.208650; 0.175429;,
        -0.138808;-0.216233; 0.004428;,
         0.000000; 3.621167;-0.691257;,
         0.000000; 3.736807;-0.721901;,
         0.000000; 3.974781;-0.320916;,
         0.000000; 3.859141;-0.290272;,
         0.000000; 3.885391; 0.086721;,
         0.000000; 4.001032; 0.056077;,
         0.000000; 3.799588; 0.453787;,
         0.000000; 3.683948; 0.484431;,
         0.000000; 3.859141;-0.290272;,
         0.000000; 3.974781;-0.320916;,
         0.000000; 4.001032; 0.056077;,
         0.000000; 3.885391; 0.086721;,
         0.165088; 2.576383;-0.218370;,
         0.352585; 2.809434;-0.609335;,
         0.501895; 2.886605;-0.542257;,
         0.594161; 2.814147;-0.281198;,
         0.663636; 3.022393;-0.284064;,
         0.671091; 2.989783; 0.122910;,
         0.594369; 2.771945; 0.104737;,
         0.594161; 2.814147;-0.281198;,
         0.165088; 2.576383;-0.218370;,
         0.157163; 2.547512; 0.048391;,
         0.117469; 2.342584; 0.006207;,
         0.140198; 2.388222;-0.271020;,
         0.000000; 2.503810; 0.102547;,
         0.157163; 2.547512; 0.048391;,
         0.352482; 2.589740; 0.448545;,
         0.000000; 2.486815; 0.525074;,
         0.663636; 3.022393;-0.284064;,
         0.594161; 2.814147;-0.281198;,
         0.501895; 2.886605;-0.542257;,
         0.529679; 3.033924;-0.601198;,
         0.157163; 2.547512; 0.048391;,
         0.594369; 2.771945; 0.104737;,
         0.525168; 2.754386; 0.320378;,
         0.352482; 2.589740; 0.448545;,
         0.000000; 2.522942;-0.244903;,
         0.165088; 2.576383;-0.218370;,
         0.140198; 2.388222;-0.271020;,
         0.000000; 2.364876;-0.311058;,
         0.157163; 2.547512; 0.048391;,
         0.000000; 2.503810; 0.102547;,
         0.000000; 2.317297; 0.053774;,
         0.117469; 2.342584; 0.006207;,
         0.234824; 2.181998;-0.411698;,
         0.343991; 2.316630;-0.272046;,
         0.432702; 2.250726;-0.346398;,
         0.725920; 3.317059;-0.293463;,
         0.776758; 3.304422; 0.128982;,
         0.671091; 2.989783; 0.122910;,
         0.663636; 3.022393;-0.284064;,
         0.776758; 3.304422; 0.128982;,
         0.626694; 3.308650; 0.418258;,
         0.563750; 2.974992; 0.405909;,
         0.671091; 2.989783; 0.122910;,
         0.671091; 2.989783; 0.122910;,
         0.563750; 2.974992; 0.405909;,
         0.525168; 2.754386; 0.320378;,
         0.594369; 2.771945; 0.104737;,
         0.000000; 3.316463; 0.684120;,
         0.000000; 2.900532; 0.688735;,
         0.319574; 2.948343; 0.602986;,
         0.318888; 3.303756; 0.617207;,
         0.318888; 3.303756; 0.617207;,
         0.319574; 2.948343; 0.602986;,
         0.563750; 2.974992; 0.405909;,
         0.626694; 3.308650; 0.418258;,
         0.000000; 2.900532; 0.688735;,
         0.000000; 2.486815; 0.525074;,
         0.352482; 2.589740; 0.448545;,
         0.319574; 2.948343; 0.602986;,
         0.319574; 2.948343; 0.602986;,
         0.352482; 2.589740; 0.448545;,
         0.525168; 2.754386; 0.320378;,
         0.563750; 2.974992; 0.405909;,
         0.000000; 3.316463; 0.684120;,
         0.318888; 3.303756; 0.617207;,
         0.322373; 3.542403; 0.508888;,
         0.000000; 3.683948; 0.484431;,
         0.318888; 3.303756; 0.617207;,
         0.626694; 3.308650; 0.418258;,
         0.537414; 3.551272; 0.339138;,
         0.322373; 3.542403; 0.508888;,
         0.000000; 2.966695;-0.761941;,
         0.324199; 3.006276;-0.720418;,
         0.352585; 2.809434;-0.609335;,
         0.000000; 2.740795;-0.643853;,
         0.362492; 3.313304;-0.758034;,
         0.582168; 3.312272;-0.668297;,
         0.529679; 3.033924;-0.601198;,
         0.324199; 3.006276;-0.720418;,
         0.324199; 3.006276;-0.720418;,
         0.529679; 3.033924;-0.601198;,
         0.501895; 2.886605;-0.542257;,
         0.352585; 2.809434;-0.609335;,
         0.725920; 3.317059;-0.293463;,
         0.663636; 3.022393;-0.284064;,
         0.529679; 3.033924;-0.601198;,
         0.582168; 3.312272;-0.668297;,
         0.165088; 2.576383;-0.218370;,
         0.594161; 2.814147;-0.281198;,
         0.594369; 2.771945; 0.104737;,
         0.157163; 2.547512; 0.048391;,
         0.000000; 2.522942;-0.244903;,
         0.000000; 2.740795;-0.643853;,
         0.352585; 2.809434;-0.609335;,
         0.165088; 2.576383;-0.218370;,
         0.194550; 1.215579;-0.387046;,
         0.399017; 1.215004;-0.256718;,
         0.426687; 0.975829;-0.235385;,
         0.241772; 0.973268;-0.388877;,
         0.140198; 2.388222;-0.271020;,
         0.117469; 2.342584; 0.006207;,
         0.313351; 2.293390; 0.011445;,
         0.343991; 2.316630;-0.272046;,
         0.117469; 2.342584; 0.006207;,
         0.000000; 2.317297; 0.053774;,
         0.000000; 2.177587; 0.185574;,
         0.201671; 2.165874; 0.135487;,
         0.313351; 2.293390; 0.011445;,
         0.000000; 0.964752;-0.440261;,
         0.241772; 0.973268;-0.388877;,
         0.213277; 0.913371;-0.189509;,
         0.090297; 1.014817;-0.162173;,
         0.399017; 1.215004;-0.256718;,
         0.388962; 1.215069; 0.086287;,
         0.424933; 0.976071; 0.100267;,
         0.426687; 0.975829;-0.235385;,
         0.163247; 1.208511; 0.256012;,
        -0.000000; 1.199619; 0.290249;,
        -0.000467; 0.972525; 0.338446;,
         0.171699; 0.969767; 0.292146;,
         0.343991; 2.316630;-0.272046;,
         0.313351; 2.293390; 0.011445;,
         0.406871; 2.239401; 0.033184;,
         0.432702; 2.250726;-0.346398;,
         0.388962; 1.215069; 0.086287;,
         0.163247; 1.208511; 0.256012;,
         0.171699; 0.969767; 0.292146;,
         0.424933; 0.976071; 0.100267;,
         0.313351; 2.293390; 0.011445;,
         0.201671; 2.165874; 0.135487;,
         0.406871; 2.239401; 0.033184;,
        -0.000000; 1.204529;-0.419559;,
         0.194550; 1.215579;-0.387046;,
         0.241772; 0.973268;-0.388877;,
         0.000000; 0.964752;-0.440261;,
         0.000000; 2.364876;-0.311058;,
         0.140198; 2.388222;-0.271020;,
         0.343991; 2.316630;-0.272046;,
         0.234824; 2.181998;-0.411698;,
         0.000000; 2.241671;-0.435807;,
         0.234824; 2.181998;-0.411698;,
         0.432702; 2.250726;-0.346398;,
         0.371111; 1.910204;-0.338950;,
         0.150905; 1.917884;-0.459213;,
         0.150905; 1.917884;-0.459213;,
         0.371111; 1.910204;-0.338950;,
         0.392097; 1.412854;-0.295470;,
         0.148668; 1.416620;-0.415008;,
         0.682937; 1.179783;-0.050270;,
         0.687547; 1.176472;-0.144545;,
         0.695341; 1.145363;-0.145430;,
         0.689957; 1.149596;-0.035560;,
         0.371111; 1.910204;-0.338950;,
         0.347092; 1.903534; 0.059790;,
         0.372787; 1.412748; 0.087452;,
         0.392097; 1.412854;-0.295470;,
         0.201671; 2.165874; 0.135487;,
         0.000000; 2.177587; 0.185574;,
         0.000000; 1.892910; 0.249589;,
         0.131994; 1.894972; 0.218101;,
         0.131994; 1.894972; 0.218101;,
         0.000000; 1.892910; 0.249589;,
         0.000000; 1.394712; 0.278085;,
         0.153164; 1.405314; 0.251134;,
         0.406871; 2.239401; 0.033184;,
         0.201671; 2.165874; 0.135487;,
         0.131994; 1.894972; 0.218101;,
         0.347092; 1.903534; 0.059790;,
         0.347092; 1.903534; 0.059790;,
         0.131994; 1.894972; 0.218101;,
         0.153164; 1.405314; 0.251134;,
         0.372787; 1.412748; 0.087452;,
         0.000000; 2.241671;-0.435807;,
         0.234824; 2.181998;-0.411698;,
         0.150905; 1.917884;-0.459213;,
         0.000000; 1.900044;-0.457878;,
         0.000000; 1.900044;-0.457878;,
         0.150905; 1.917884;-0.459213;,
         0.148668; 1.416620;-0.415008;,
         0.000000; 1.401987;-0.431736;,
         0.689957; 1.149596;-0.035560;,
         0.695341; 1.145363;-0.145430;,
         0.703068; 1.068727;-0.180599;,
         0.701442; 1.076635; 0.016956;,
         0.754511; 1.218637;-0.056561;,
         0.682937; 1.179783;-0.050270;,
         0.689957; 1.149596;-0.035560;,
         0.776495; 1.194076;-0.042891;,
         0.687547; 1.176472;-0.144545;,
         0.760302; 1.215598;-0.146306;,
         0.783331; 1.190107;-0.147482;,
         0.695341; 1.145363;-0.145430;,
         0.760302; 1.215598;-0.146306;,
         0.754511; 1.218637;-0.056561;,
         0.776495; 1.194076;-0.042891;,
         0.783331; 1.190107;-0.147482;,
         0.090297; 1.014817;-0.162173;,
         0.213277; 0.913371;-0.189509;,
         0.210269;-0.114474;-0.137320;,
         0.138639;-0.116118;-0.121398;,
         0.171699; 0.969767; 0.292146;,
        -0.000467; 0.972525; 0.338446;,
         0.085760; 1.013933; 0.054527;,
         0.192727; 0.951064; 0.080930;,
         0.241772; 0.973268;-0.388877;,
         0.426687; 0.975829;-0.235385;,
         0.293017; 1.018999;-0.121451;,
         0.213277; 0.913371;-0.189509;,
         0.426687; 0.975829;-0.235385;,
         0.424933; 0.976071; 0.100267;,
         0.288111; 1.018800; 0.002486;,
         0.293017; 1.018999;-0.121451;,
         0.424933; 0.976071; 0.100267;,
         0.171699; 0.969767; 0.292146;,
         0.192727; 0.951064; 0.080930;,
         0.288111; 1.018800; 0.002486;,
         0.138639;-0.116118;-0.121398;,
         0.210269;-0.114474;-0.137320;,
         0.213081;-0.214074;-0.137713;,
         0.141451;-0.215719;-0.121791;,
         0.192727; 0.951064; 0.080930;,
         0.085760; 1.013933; 0.054527;,
         0.135996;-0.116632; 0.004821;,
         0.198300;-0.115172; 0.020200;,
         0.213277; 0.913371;-0.189509;,
         0.293017; 1.018999;-0.121451;,
         0.256714;-0.113683;-0.097679;,
         0.210269;-0.114474;-0.137320;,
         0.293017; 1.018999;-0.121451;,
         0.288111; 1.018800; 0.002486;,
         0.253857;-0.113798;-0.025491;,
         0.256714;-0.113683;-0.097679;,
         0.288111; 1.018800; 0.002486;,
         0.192727; 0.951064; 0.080930;,
         0.198300;-0.115172; 0.020200;,
         0.253857;-0.113798;-0.025491;,
         0.148668; 1.416620;-0.415008;,
         0.392097; 1.412854;-0.295470;,
         0.399017; 1.215004;-0.256718;,
         0.194550; 1.215579;-0.387046;,
         0.392097; 1.412854;-0.295470;,
         0.372787; 1.412748; 0.087452;,
         0.388962; 1.215069; 0.086287;,
         0.399017; 1.215004;-0.256718;,
         0.153164; 1.405314; 0.251134;,
         0.000000; 1.394712; 0.278085;,
        -0.000000; 1.199619; 0.290249;,
         0.163247; 1.208511; 0.256012;,
         0.372787; 1.412748; 0.087452;,
         0.153164; 1.405314; 0.251134;,
         0.163247; 1.208511; 0.256012;,
         0.388962; 1.215069; 0.086287;,
         0.000000; 1.401987;-0.431736;,
         0.148668; 1.416620;-0.415008;,
         0.194550; 1.215579;-0.387046;,
        -0.000000; 1.204529;-0.419559;,
         0.347092; 1.903534; 0.059790;,
         0.371111; 1.910204;-0.338950;,
         0.408215; 1.676727;-0.283556;,
         0.389032; 1.680044; 0.034842;,
         0.406871; 2.239401; 0.033184;,
         0.347092; 1.903534; 0.059790;,
         0.389032; 1.680044; 0.034842;,
         0.544534; 1.898527; 0.013597;,
         0.371111; 1.910204;-0.338950;,
         0.432702; 2.250726;-0.346398;,
         0.566608; 1.897850;-0.289503;,
         0.408215; 1.676727;-0.283556;,
         0.432702; 2.250726;-0.346398;,
         0.406871; 2.239401; 0.033184;,
         0.544534; 1.898527; 0.013597;,
         0.566608; 1.897850;-0.289503;,
         0.389032; 1.680044; 0.034842;,
         0.408215; 1.676727;-0.283556;,
         0.561850; 1.436290;-0.185098;,
         0.553580; 1.440946;-0.025951;,
         0.544534; 1.898527; 0.013597;,
         0.389032; 1.680044; 0.034842;,
         0.553580; 1.440946;-0.025951;,
         0.666452; 1.515608;-0.036570;,
         0.408215; 1.676727;-0.283556;,
         0.566608; 1.897850;-0.289503;,
         0.676593; 1.511626;-0.188071;,
         0.561850; 1.436290;-0.185098;,
         0.566608; 1.897850;-0.289503;,
         0.544534; 1.898527; 0.013597;,
         0.666452; 1.515608;-0.036570;,
         0.676593; 1.511626;-0.188071;,
         0.553580; 1.440946;-0.025951;,
         0.561850; 1.436290;-0.185098;,
         0.601081; 1.373504;-0.166455;,
         0.593469; 1.377364;-0.024165;,
         0.666452; 1.515608;-0.036570;,
         0.553580; 1.440946;-0.025951;,
         0.593469; 1.377364;-0.024165;,
         0.700048; 1.448433;-0.033659;,
         0.561850; 1.436290;-0.185098;,
         0.676593; 1.511626;-0.188071;,
         0.709300; 1.445253;-0.169113;,
         0.601081; 1.373504;-0.166455;,
         0.676593; 1.511626;-0.188071;,
         0.666452; 1.515608;-0.036570;,
         0.700048; 1.448433;-0.033659;,
         0.709300; 1.445253;-0.169113;,
         0.701442; 1.076635; 0.016956;,
         0.703068; 1.068727;-0.180599;,
         0.699957; 1.023485;-0.173448;,
         0.701549; 1.027982; 0.021662;,
         0.809729; 1.057728; 0.003774;,
         0.776495; 1.194076;-0.042891;,
         0.767974; 1.121507; 0.061071;,
         0.776339; 1.063119; 0.037497;,
         0.695341; 1.145363;-0.145430;,
         0.783331; 1.190107;-0.147482;,
         0.813078; 1.048945;-0.184289;,
         0.703068; 1.068727;-0.180599;,
         0.783331; 1.190107;-0.147482;,
         0.776495; 1.194076;-0.042891;,
         0.809729; 1.057728; 0.003774;,
         0.813078; 1.048945;-0.184289;,
         0.773056; 1.025097; 0.061828;,
         0.765353; 1.069900; 0.094397;,
         0.731018; 1.023457; 0.117889;,
         0.735076; 1.007570; 0.091407;,
         0.689957; 1.149596;-0.035560;,
         0.701442; 1.076635; 0.016956;,
         0.720937; 1.076081; 0.036731;,
         0.720275; 1.100969; 0.045305;,
         0.701442; 1.076635; 0.016956;,
         0.809729; 1.057728; 0.003774;,
         0.776339; 1.063119; 0.037497;,
         0.720937; 1.076081; 0.036731;,
         0.776495; 1.194076;-0.042891;,
         0.689957; 1.149596;-0.035560;,
         0.720275; 1.100969; 0.045305;,
         0.767974; 1.121507; 0.061071;,
         0.701549; 1.027982; 0.021662;,
         0.699957; 1.023485;-0.173448;,
         0.685086; 0.951554;-0.109160;,
         0.687000; 0.953622;-0.029018;,
         0.809729; 1.057728; 0.003774;,
         0.701442; 1.076635; 0.016956;,
         0.701549; 1.027982; 0.021662;,
         0.750588; 0.985523; 0.008643;,
         0.703068; 1.068727;-0.180599;,
         0.813078; 1.048945;-0.184289;,
         0.749680; 0.980120;-0.177092;,
         0.699957; 1.023485;-0.173448;,
         0.813078; 1.048945;-0.184289;,
         0.809729; 1.057728; 0.003774;,
         0.750588; 0.985523; 0.008643;,
         0.749680; 0.980120;-0.177092;,
         0.695362; 0.940758;-0.110657;,
         0.697100; 0.943435;-0.034366;,
         0.687000; 0.953622;-0.029018;,
         0.685086; 0.951554;-0.109160;,
         0.750588; 0.985523; 0.008643;,
         0.701549; 1.027982; 0.021662;,
         0.687000; 0.953622;-0.029018;,
         0.697100; 0.943435;-0.034366;,
         0.699957; 1.023485;-0.173448;,
         0.749680; 0.980120;-0.177092;,
         0.695362; 0.940758;-0.110657;,
         0.685086; 0.951554;-0.109160;,
         0.749680; 0.980120;-0.177092;,
         0.750588; 0.985523; 0.008643;,
         0.697100; 0.943435;-0.034366;,
         0.695362; 0.940758;-0.110657;,
         0.731018; 1.023457; 0.117889;,
         0.710519; 1.022373; 0.102430;,
         0.710872; 1.015440; 0.091460;,
         0.735076; 1.007570; 0.091407;,
         0.723325; 1.057390; 0.074240;,
         0.723958; 1.038177; 0.061429;,
         0.710872; 1.015440; 0.091460;,
         0.710519; 1.022373; 0.102430;,
         0.723958; 1.038177; 0.061429;,
         0.773056; 1.025097; 0.061828;,
         0.735076; 1.007570; 0.091407;,
         0.710872; 1.015440; 0.091460;,
         0.765353; 1.069900; 0.094397;,
         0.723325; 1.057390; 0.074240;,
         0.710519; 1.022373; 0.102430;,
         0.731018; 1.023457; 0.117889;,
         0.593469; 1.377364;-0.024165;,
         0.601081; 1.373504;-0.166455;,
         0.687547; 1.176472;-0.144545;,
         0.682937; 1.179783;-0.050270;,
         0.700048; 1.448433;-0.033659;,
         0.593469; 1.377364;-0.024165;,
         0.682937; 1.179783;-0.050270;,
         0.754511; 1.218637;-0.056561;,
         0.601081; 1.373504;-0.166455;,
         0.709300; 1.445253;-0.169113;,
         0.760302; 1.215598;-0.146306;,
         0.687547; 1.176472;-0.144545;,
         0.709300; 1.445253;-0.169113;,
         0.700048; 1.448433;-0.033659;,
         0.754511; 1.218637;-0.056561;,
         0.760302; 1.215598;-0.146306;,
         0.776339; 1.063119; 0.037497;,
         0.767974; 1.121507; 0.061071;,
         0.765353; 1.069900; 0.094397;,
         0.773056; 1.025097; 0.061828;,
         0.720275; 1.100969; 0.045305;,
         0.720937; 1.076081; 0.036731;,
         0.723958; 1.038177; 0.061429;,
         0.723325; 1.057390; 0.074240;,
         0.720937; 1.076081; 0.036731;,
         0.776339; 1.063119; 0.037497;,
         0.773056; 1.025097; 0.061828;,
         0.723958; 1.038177; 0.061429;,
         0.767974; 1.121507; 0.061071;,
         0.720275; 1.100969; 0.045305;,
         0.723325; 1.057390; 0.074240;,
         0.765353; 1.069900; 0.094397;,
         0.141451;-0.215719;-0.121791;,
         0.213081;-0.214074;-0.137713;,
         0.259527;-0.213283;-0.098072;,
         0.256669;-0.213398;-0.025883;,
         0.201112;-0.214772; 0.019807;,
         0.138808;-0.216233; 0.004428;,
         0.210269;-0.114474;-0.137320;,
         0.256714;-0.113683;-0.097679;,
         0.259527;-0.213283;-0.098072;,
         0.213081;-0.214074;-0.137713;,
         0.256714;-0.113683;-0.097679;,
         0.253857;-0.113798;-0.025491;,
         0.256669;-0.213398;-0.025883;,
         0.259527;-0.213283;-0.098072;,
         0.256669;-0.213398;-0.025883;,
         0.253857;-0.113798;-0.025491;,
         0.221571;-0.208650; 0.175429;,
         0.138808;-0.216233; 0.004428;,
         0.201112;-0.214772; 0.019807;,
         0.221571;-0.208650; 0.175429;,
         0.201112;-0.214772; 0.019807;,
         0.256669;-0.213398;-0.025883;,
         0.221571;-0.208650; 0.175429;,
         0.198300;-0.115172; 0.020200;,
         0.135996;-0.116632; 0.004821;,
         0.221571;-0.208650; 0.175429;,
         0.253857;-0.113798;-0.025491;,
         0.198300;-0.115172; 0.020200;,
         0.221571;-0.208650; 0.175429;,
         0.322690; 3.738936;-0.098160;,
         0.631466; 3.643331;-0.103325;,
         0.607922; 3.689683; 0.047248;,
         0.308268; 3.803637; 0.110692;,
         0.010447; 3.819958;-0.097536;,
         0.322690; 3.738936;-0.098160;,
         0.308268; 3.803637; 0.110692;,
         0.067819; 3.878716; 0.091994;,
         0.068962; 3.852282;-0.295683;,
         0.313464; 3.775668;-0.350256;,
         0.322690; 3.738936;-0.098160;,
         0.010447; 3.819958;-0.097536;,
         0.313464; 3.775668;-0.350256;,
         0.614638; 3.669483;-0.258168;,
         0.631466; 3.643331;-0.103325;,
         0.322690; 3.738936;-0.098160;,
         0.076033; 3.864173;-0.300193;,
         0.000000; 3.882500;-0.294416;,
         0.000000; 3.926890;-0.315782;,
         0.112493; 3.925489;-0.323443;,
        -0.077622; 3.842810;-0.097360;,
         0.010447; 3.819958;-0.097536;,
         0.067819; 3.878716; 0.091994;,
         0.000000; 3.899892; 0.086721;,
         0.000000; 3.873891;-0.290272;,
         0.068962; 3.852282;-0.295683;,
         0.010447; 3.819958;-0.097536;,
        -0.077622; 3.842810;-0.097360;,
         0.000000; 3.908766; 0.089121;,
         0.073745; 3.890823; 0.094611;,
         0.104303; 3.953252; 0.108104;,
         0.000000; 3.954524; 0.101497;,
         0.325492; 3.799023;-0.350313;,
         0.076033; 3.864173;-0.300193;,
         0.112493; 3.925489;-0.323443;,
         0.387511; 3.919446;-0.350605;,
         0.067819; 3.878716; 0.091994;,
         0.308268; 3.803637; 0.110692;,
         0.319096; 3.827066; 0.114076;,
         0.073745; 3.890823; 0.094611;,
         0.308268; 3.803637; 0.110692;,
         0.607922; 3.689683; 0.047248;,
         0.620982; 3.716459; 0.048583;,
         0.319096; 3.827066; 0.114076;,
         0.658584; 3.600775;-0.102588;,
         0.638222; 3.631052; 0.010629;,
         0.655462; 3.545645;-0.027325;,
         0.668676; 3.525997;-0.100797;,
         0.643815; 3.616120;-0.218421;,
         0.658584; 3.600775;-0.102588;,
         0.668676; 3.525997;-0.100797;,
         0.659091; 3.535955;-0.175967;,
         0.614638; 3.669483;-0.258168;,
         0.313464; 3.775668;-0.350256;,
         0.325492; 3.799023;-0.350313;,
         0.628538; 3.696284;-0.260876;,
         0.068962; 3.852282;-0.295683;,
         0.000000; 3.873891;-0.290272;,
         0.000000; 3.882500;-0.294416;,
         0.076033; 3.864173;-0.300193;,
         0.000000; 3.899892; 0.086721;,
         0.067819; 3.878716; 0.091994;,
         0.073745; 3.890823; 0.094611;,
         0.000000; 3.908766; 0.089121;,
         0.313464; 3.775668;-0.350256;,
         0.068962; 3.852282;-0.295683;,
         0.076033; 3.864173;-0.300193;,
         0.325492; 3.799023;-0.350313;,
         0.649189; 3.532784;-0.027966;,
         0.660498; 3.510520;-0.100291;,
         0.668676; 3.525997;-0.100797;,
         0.655462; 3.545645;-0.027325;,
         0.660498; 3.510520;-0.100291;,
         0.652415; 3.523081;-0.174666;,
         0.659091; 3.535955;-0.175967;,
         0.668676; 3.525997;-0.100797;,
         0.633527; 3.596282;-0.216417;,
         0.643815; 3.616120;-0.218421;,
         0.659091; 3.535955;-0.175967;,
         0.652415; 3.523081;-0.174666;,
         0.638222; 3.631052; 0.010629;,
         0.628556; 3.611234; 0.009641;,
         0.649189; 3.532784;-0.027966;,
         0.655462; 3.545645;-0.027325;,
         0.645982; 3.576925;-0.101808;,
         0.633527; 3.596282;-0.216417;,
         0.652415; 3.523081;-0.174666;,
         0.660498; 3.510520;-0.100291;,
         0.628556; 3.611234; 0.009641;,
         0.645982; 3.576925;-0.101808;,
         0.660498; 3.510520;-0.100291;,
         0.649189; 3.532784;-0.027966;,
         0.648492; 3.675552;-0.104379;,
         0.620982; 3.716459; 0.048583;,
         0.638222; 3.631052; 0.010629;,
         0.658584; 3.600775;-0.102588;,
         0.628538; 3.696284;-0.260876;,
         0.648492; 3.675552;-0.104379;,
         0.658584; 3.600775;-0.102588;,
         0.643815; 3.616120;-0.218421;,
         0.614638; 3.669483;-0.258168;,
         0.628538; 3.696284;-0.260876;,
         0.643815; 3.616120;-0.218421;,
         0.633527; 3.596282;-0.216417;,
         0.620982; 3.716459; 0.048583;,
         0.607922; 3.689683; 0.047248;,
         0.628556; 3.611234; 0.009641;,
         0.638222; 3.631052; 0.010629;,
         0.631466; 3.643331;-0.103325;,
         0.614638; 3.669483;-0.258168;,
         0.633527; 3.596282;-0.216417;,
         0.645982; 3.576925;-0.101808;,
         0.607922; 3.689683; 0.047248;,
         0.631466; 3.643331;-0.103325;,
         0.645982; 3.576925;-0.101808;,
         0.628556; 3.611234; 0.009641;,
         0.537414; 3.551272; 0.339138;,
         0.626694; 3.308650; 0.418258;,
         0.662179; 3.424619; 0.333290;,
         0.628250; 3.666913; 0.308494;,
        -0.322690; 3.738936;-0.098160;,
        -0.308268; 3.803637; 0.110692;,
        -0.607922; 3.689683; 0.047248;,
        -0.631466; 3.643331;-0.103325;,
        -0.010447; 3.819958;-0.097536;,
        -0.067819; 3.878716; 0.091994;,
        -0.308268; 3.803637; 0.110692;,
        -0.322690; 3.738936;-0.098160;,
        -0.068962; 3.852282;-0.295683;,
        -0.010447; 3.819958;-0.097536;,
        -0.322690; 3.738936;-0.098160;,
        -0.313464; 3.775668;-0.350256;,
        -0.313464; 3.775668;-0.350256;,
        -0.322690; 3.738936;-0.098160;,
        -0.631466; 3.643331;-0.103325;,
        -0.614638; 3.669483;-0.258168;,
        -0.076033; 3.864173;-0.300193;,
        -0.112493; 3.925489;-0.323443;,
         0.000000; 3.926890;-0.315782;,
         0.000000; 3.882500;-0.294416;,
         0.077622; 3.842810;-0.097360;,
         0.000000; 3.899892; 0.086721;,
        -0.067819; 3.878716; 0.091994;,
        -0.010447; 3.819958;-0.097536;,
         0.000000; 3.873891;-0.290272;,
         0.077622; 3.842810;-0.097360;,
        -0.010447; 3.819958;-0.097536;,
        -0.068962; 3.852282;-0.295683;,
         0.000000; 3.908766; 0.089121;,
         0.000000; 3.954524; 0.101497;,
        -0.104303; 3.953252; 0.108104;,
        -0.073745; 3.890823; 0.094611;,
        -0.325492; 3.799023;-0.350313;,
        -0.387511; 3.919446;-0.350605;,
        -0.112493; 3.925489;-0.323443;,
        -0.076033; 3.864173;-0.300193;,
